element,M15Z0,M15Z1e-2,M15Z1e-1,M15Z1,M20Z0,M20Z1e-2,M20Z1e-1,M20Z1,M25Z0,M25Z1e-2,M25Z1e-1,M25Z1,M30Z0,M30Z1e-2,M30Z1e-1,M30Z1,M40Z0,M40Z1e-2,M40Z1e-1,M40Z1,M60Z0,M60Z1e-2,M60Z1e-1,M60Z1
H,3.374e-02,8.177e-02,4.267e-02,1.611e-02,1.271e-02,6.660e-02,2.171e-02,3.250e-03,9.332e-03,4.657e-02,2.770e-03,1.341e-03,1.088e-02,5.282e-02,1.104e-03,8.440e-04,8.104e-03,1.524e-02,1.248e-03,2.841e-03,6.256e-03,5.057e-02,2.291e-03,1.083e-03
He,2.512e+00,2.387e+00,2.389e+00,2.361e+00,2.549e+00,2.554e+00,2.434e+00,2.311e+00,2.777e+00,2.563e+00,2.592e+00,2.142e+00,2.939e+00,2.799e+00,2.619e+00,2.048e+00,3.404e+00,2.936e+00,2.677e+00,1.057e+00,4.035e+00,3.542e+00,2.560e+00,7.937e-01
Li,1.110e-09,2.113e-10,5.014e-12,1.592e-13,1.633e-10,3.635e-11,1.463e-08,2.922e-10,1.436e-09,1.474e-10,2.005e-11,7.945e-10,9.135e-10,1.161e-09,2.201e-09,5.561e-11,7.266e-11,2.643e-08,6.543e-10,1.180e-10,4.435e-09,1.002e-09,4.920e-10,8.066e-17
Be,1.144e-18,2.204e-20,8.204e-20,7.916e-21,2.183e-18,1.136e-17,1.058e-20,9.792e-18,1.477e-16,3.932e-22,1.847e-16,1.116e-26,2.098e-17,5.322e-21,3.857e-18,1.028e-19,8.242e-18,4.469e-20,6.042e-21,1.420e-23,7.309e-21,1.275e-16,1.965e-17,7.854e-22
B,3.518e-08,3.967e-10,3.905e-15,8.199e-16,3.621e-09,1.308e-10,4.888e-12,3.938e-09,2.024e-10,1.716e-12,4.030e-11,1.864e-14,2.273e-10,3.136e-13,5.355e-12,7.474e-12,5.076e-13,6.098e-12,7.481e-12,5.660e-14,1.199e-10,6.930e-09,8.187e-11,1.008e-14
C,1.850e-01,2.399e-01,2.036e-01,1.729e-01,2.671e-01,3.190e-01,3.978e-01,3.656e-01,3.416e-01,8.547e-01,7.607e-01,6.275e-01,9.065e-01,8.686e-01,1.047e+00,1.010e+00,1.273e+00,1.247e+00,1.347e+00,1.362e+00,4.425e-01,6.240e-01,1.050e+00,1.748e+00
N,1.242e-04,4.287e-04,2.558e-03,2.212e-02,2.202e-02,1.801e-02,2.020e-02,1.409e-02,2.250e-02,1.923e-02,1.880e-02,2.892e-02,2.207e-02,3.028e-02,1.317e-02,1.881e-02,1.176e-02,1.866e-02,7.024e-03,2.998e-04,2.106e-03,2.571e-02,1.011e-03,4.357e-07
O,5.312e-01,6.262e-01,5.345e-01,5.596e-01,1.815e+00,2.099e+00,1.636e+00,1.435e+00,3.044e+00,3.688e+00,3.180e+00,2.708e+00,4.892e+00,5.592e+00,4.944e+00,3.860e+00,8.692e+00,8.983e+00,8.027e+00,5.788e+00,1.417e+01,1.455e+01,1.273e+01,9.213e+00
F,5.885e-07,5.429e-06,5.735e-08,1.493e-06,1.183e-06,2.760e-06,1.143e-05,7.853e-07,1.126e-05,1.201e-05,9.500e-06,3.939e-05,1.301e-05,1.232e-05,3.073e-05,7.565e-05,1.660e-06,1.454e-03,6.760e-05,1.059e-04,1.163e-04,2.142e-04,2.460e-05,4.314e-05
Ne,1.234e-02,2.965e-01,2.383e-01,2.392e-02,6.555e-01,5.661e-01,7.056e-01,4.302e-02,6.238e-01,9.602e-01,1.010e+00,1.300e+00,1.093e+00,1.362e+00,1.330e+00,1.355e+00,1.713e+00,1.574e+00,1.992e+00,2.427e+00,3.835e+00,3.384e+00,3.933e+00,2.553e+00
Na,4.355e-05,3.417e-03,1.605e-03,8.002e-04,4.201e-03,1.905e-03,1.304e-02,5.041e-04,3.095e-03,2.833e-02,2.406e-02,2.772e-02,2.336e-02,2.240e-02,2.682e-02,2.969e-02,3.172e-02,3.268e-02,2.923e-02,3.318e-02,3.387e-02,2.509e-02,2.911e-02,5.612e-03
Mg,4.197e-02,8.846e-02,9.162e-02,6.468e-02,2.259e-01,2.745e-01,1.305e-01,3.818e-02,2.646e-01,1.455e-01,1.430e-01,2.237e-01,2.004e-01,1.992e-01,1.952e-01,2.549e-01,2.977e-01,2.283e-01,2.659e-01,4.372e-01,8.693e-01,1.089e+00,9.340e-01,9.694e-01
Al,5.082e-03,9.178e-03,8.738e-03,8.064e-03,1.962e-02,2.421e-02,1.411e-02,3.319e-03,2.208e-02,1.980e-02,1.885e-02,2.438e-02,2.302e-02,1.918e-02,2.215e-02,2.832e-02,3.251e-02,2.708e-02,2.521e-02,4.995e-02,7.022e-02,6.319e-02,5.546e-02,8.324e-02
Si,1.914e-01,1.632e-01,1.291e-01,2.043e-01,2.046e-01,2.079e-01,2.888e-01,6.175e-01,5.736e-01,2.065e-01,2.181e-01,8.741e-02,2.546e-01,1.278e-01,1.728e-01,2.162e-01,3.105e-01,6.844e-01,2.882e-01,2.410e-01,1.599e+00,1.817e+00,1.686e+00,6.935e-01
P,2.440e-03,8.968e-04,8.916e-04,3.174e-03,1.441e-03,2.653e-03,8.069e-04,4.313e-03,3.091e-03,1.074e-03,9.741e-04,1.097e-03,1.685e-03,8.020e-04,9.130e-04,1.902e-03,1.365e-03,1.264e-03,1.582e-03,2.759e-03,5.490e-03,4.025e-03,3.307e-03,7.024e-03
S,5.711e-02,6.083e-02,4.634e-02,5.177e-02,7.658e-02,5.251e-02,1.597e-01,3.829e-01,2.444e-01,1.258e-01,1.394e-01,2.924e-02,1.089e-01,5.170e-02,1.067e-01,9.082e-02,1.748e-01,4.672e-01,1.478e-01,9.301e-02,9.968e-01,1.044e+00,1.019e+00,2.032e-01
Cl,9.581e-04,1.642e-04,1.773e-04,9.512e-04,2.280e-04,2.472e-04,5.437e-04,5.249e-03,1.312e-03,4.697e-04,4.473e-04,4.034e-04,3.490e-04,1.750e-04,3.394e-04,9.087e-04,5.804e-04,8.877e-04,3.624e-04,9.731e-04,4.015e-03,9.087e-04,1.996e-03,1.558e-03
Ar,6.876e-03,9.003e-03,7.520e-03,5.949e-03,1.363e-02,8.223e-03,3.332e-02,8.138e-02,4.233e-02,2.922e-02,3.327e-02,5.151e-03,1.812e-02,9.377e-03,2.442e-02,1.676e-02,3.630e-02,1.059e-01,2.940e-02,1.662e-02,2.131e-01,2.040e-01,2.068e-01,3.332e-02
K,1.024e-04,6.324e-05,8.379e-05,7.242e-05,1.434e-04,3.885e-05,6.941e-04,5.200e-03,1.032e-03,5.749e-04,6.161e-04,2.210e-04,1.158e-04,7.259e-05,3.933e-04,3.709e-04,4.693e-04,1.497e-03,1.850e-04,1.850e-04,5.777e-03,1.354e-03,2.726e-03,4.199e-04
Ca,4.716e-03,6.549e-03,5.101e-03,4.201e-03,9.972e-03,6.659e-03,2.193e-02,3.652e-02,2.227e-02,2.190e-02,2.629e-02,4.694e-03,1.406e-02,8.242e-03,1.718e-02,1.064e-02,2.408e-02,9.664e-02,2.747e-02,1.451e-02,1.643e-01,1.777e-01,1.669e-01,2.737e-02
Sc,9.281e-06,2.356e-07,1.169e-06,4.061e-06,3.433e-07,3.419e-07,9.732e-06,1.531e-05,7.871e-06,9.697e-06,4.029e-06,4.116e-06,5.991e-06,6.445e-06,3.144e-06,8.444e-06,3.083e-06,6.995e-06,6.615e-06,1.700e-05,1.063e-05,9.902e-06,2.123e-05,5.086e-05
Ti,2.067e-04,2.906e-04,2.044e-04,2.571e-04,2.764e-04,2.240e-04,3.644e-04,7.208e-04,5.581e-04,3.176e-04,3.320e-04,2.192e-04,4.471e-04,3.327e-04,2.112e-04,3.127e-04,4.275e-04,5.951e-04,7.226e-04,5.709e-04,3.190e-03,3.170e-03,1.848e-03,1.752e-03
V,3.060e-05,2.902e-05,4.605e-05,2.511e-05,3.019e-05,2.514e-05,3.759e-05,7.593e-05,4.762e-05,3.332e-05,4.097e-05,2.501e-05,4.190e-05,3.125e-05,2.759e-05,4.414e-05,5.248e-05,6.461e-05,6.650e-05,7.652e-05,1.244e-04,1.058e-04,9.976e-05,1.004e-04
Cr,1.205e-03,1.826e-03,1.515e-03,1.398e-03,2.192e-03,2.105e-03,2.173e-03,2.347e-03,4.271e-03,1.762e-03,2.673e-03,1.636e-03,3.274e-03,2.766e-03,1.689e-03,2.058e-03,3.883e-03,4.013e-03,7.691e-03,4.368e-03,1.182e-02,1.347e-02,9.390e-03,8.962e-03
Mn,6.481e-04,9.107e-04,8.043e-04,7.965e-04,1.048e-03,1.023e-03,1.158e-03,1.189e-03,1.532e-03,8.244e-04,1.235e-03,9.258e-04,1.361e-03,9.616e-04,7.868e-04,1.161e-03,1.505e-03,1.975e-03,2.547e-03,1.763e-03,3.257e-03,3.777e-03,2.955e-03,3.219e-03
Fe,1.743e-01,1.572e-01,1.602e-01,1.579e-01,1.104e-01,8.887e-02,1.986e-01,1.446e-01,3.965e-01,1.329e-01,9.850e-02,1.244e-01,3.378e-01,2.954e-01,7.472e-02,1.427e-01,1.938e-01,2.226e-01,5.707e-01,5.507e-01,8.472e-01,1.015e+00,5.337e-01,1.052e+00
Co,3.552e-04,4.067e-04,5.119e-04,4.262e-04,2.202e-04,1.873e-04,4.413e-04,3.644e-04,6.587e-04,4.739e-04,6.771e-04,3.071e-04,5.760e-04,4.876e-04,4.386e-04,7.069e-04,6.941e-04,7.818e-04,6.676e-04,1.222e-03,2.587e-03,1.829e-03,9.423e-04,2.358e-03
Ni,1.744e-02,1.527e-02,1.477e-02,1.900e-02,7.637e-03,5.364e-03,1.824e-02,1.297e-02,3.020e-02,5.186e-02,3.098e-02,1.059e-02,2.857e-02,2.520e-02,1.611e-02,2.555e-02,3.397e-02,5.266e-02,3.087e-02,6.402e-02,1.276e-01,1.259e-01,8.823e-02,1.561e-01
Cu,6.742e-06,7.727e-06,7.863e-06,6.938e-06,3.474e-06,2.848e-06,7.312e-06,5.888e-06,1.460e-05,2.879e-05,1.953e-04,5.245e-06,1.323e-05,1.093e-05,1.495e-04,1.802e-04,1.959e-04,2.525e-04,1.215e-05,2.516e-05,4.294e-04,2.374e-04,5.063e-04,7.050e-05
Zn,7.692e-05,4.837e-05,5.900e-05,5.896e-05,2.355e-05,1.797e-05,7.512e-05,3.928e-05,1.552e-04,1.601e-04,5.124e-03,3.982e-05,1.373e-04,1.095e-04,4.559e-03,4.111e-03,3.495e-03,4.652e-03,1.438e-04,2.551e-04,4.877e-03,1.757e-03,4.946e-03,5.408e-04
